292;23
226;108
386;273
286;20
96;266
413;305
269;54
193;171
441;247
307;37
190;173
349;261
472;230
555;144
538;37
263;37
147;169
276;293
367;297
490;253
545;105
275;55
125;220
273;304
428;303
531;168
299;52
155;191
318;276
511;273
544;153
295;54
203;183
317;243
466;274
568;111
297;58
200;138
383;250
576;160
315;34
193;132
272;302
439;295
586;190
275;26
164;145
293;279
426;286
574;171
222;45
138;264
250;289
405;17
296;120
254;47
103;233
303;296
522;222
586;136
304;35
153;173
288;260
455;319
576;154
277;43
177;206
351;268
487;268
615;128
286;39
196;146
326;295
448;273
603;87
330;55
197;166
343;272
498;287
607;109
364;52
235;235
412;264
591;174
323;45
205;197
338;311
502;304
627;150
357;22
123;150
229;254
384;263
559;153
232;67
138;140
266;291
462;290
572;113
308;42
197;178
359;272
494;268
588;173
312;68
206;159
290;260
438;256
573;98
233;3
93;308
294;302
414;53
262;151
326;39
184;240
400;306
533;170
505;72
399;161
263;36
191;123
292;281
447;232
456;52
351;113
273;22
159;159
332;311
332;311
347;290
446;36
292;179
257;49
173;146
211;197
400;314
488;23
328;154
348;41
214;146
358;347
497;277
529;36
399;152
286;27
171;172
341;316
491;266
488;13
370;215
391;53
305;34
215;173
338;290
490;238
491;4
384;195
390;37
269;38
164;136
265;306
465;242
423;8
306;194
259;29
134;111
172;282
319;312
498;216
566;65
280;15
140;163
295;272
453;193
514;81
300;47
170;166
304;278
465;255
538;160
252;50
118;158
311;273
480;246
558;126
300;29
164;137
199;238
324;281
483;174
246;70
290;47
163;170
288;272
410;265
544;147
265;57
160;154
308;280
461;258
579;154
284;60
181;198
300;288
436;283
557;151
303;20
175;143
266;270
381;258
455;36
269;42
142;150
253;282
519;225
556;76
273;50
183;126
307;264
517;223
580;83
238;28
107;130
189;247
355;265
556;112
281;49
141;166
244;262
399;285
399;285
544;176
562;99
233;69
170;118
281;260
474;228
599;84
290;70
156;206
342;295
480;247
563;79
273;42
140;146
238;288
456;254
540;141
263;46
263;46
263;46
161;134
218;282
395;283
561;151
254;27
107;169
237;295
495;214
540;88
281;67
188;135
290;308
517;252
568;80
253;32
155;134
302;293
510;277
598;81
279;68
206;154
279;277
433;275
573;117
294;51
163;133
211;265
356;279
525;218
534;116
191;25
119;156
227;295
370;254
358;18
248;191
249;88
253;56
140;129
271;275
480;236
605;64
293;77
167;166
271;273
421;300
559;163
260;55
114;226
401;332
527;276
579;137
318;29
66;193
253;260
451;262
562;150
302;79
183;183
227;272
413;278
563;140
284;49
174;145
243;261
424;271
568;116
280;49
122;161
235;281
420;279
552;119
241;26
141;217
302;270
470;200
221;55
106;224
336;324
482;251
559;99
230;16
122;111
158;216
337;258
509;149
298;30
194;149
287;196
459;252
549;149
256;47
123;162
216;256
339;269
499;171
299;72
176;152
234;254
410;289
551;176
346;38
161;173
287;284
467;273
281;39
157;171
226;226
344;248
485;131
273;44
167;165
181;185
316;253
513;157
263;71
177;144
267;244
486;214
551;131
217;52
173;149
305;285
581;148
330;39
167;160
271;272
564;273
278;62
163;177
272;305
447;280
546;136
260;64
140;196
303;308
524;193
301;30
113;192
308;308
561;166
264;51
128;165
212;275
392;281
565;131
289;60
155;207
302;326
514;259
578;33
239;105
274;63
172;204
318;298
467;233
296;44
181;140
280;291
458;273
539;76
294;79
226;177
372;320
558;148
316;93
274;142
310;150
356;137
291;91
220;163
265;211
379;172
275;63
164;165
233;275
395;265
551;113
274;67
199;185
398;284
529;167
264;107
208;207
468;179
484;162
300;63
199;143
330;264
463;266
588;160
279;47
211;174
382;259
473;160
141;56
103;112
240;212
399;107
228;29
157;108
303;212
431;136
316;42
188;212
382;293
518;186
326;98
244;207
375;264
515;170
345;93
269;175
425;236
523;172
308;65
200;221
449;241
605;47
310;57
204;166
297;240
486;168
265;64
192;159
252;270
450;234
249;90
144;200
301;302
461;199
304;73
236;127
343;304
520;220
302;55
191;160
326;287
536;209
304;36
169;192
387;272
564;127
335;74
259;143
290;231
509;202
259;56
158;152
315;268
563;119
252;46
150;141
270;270
491;152
306;33
170;157
385;290
585;154
276;66
168;187
286;270
587;155
280;19
175;177
367;278
568;149
271;86
133;200
320;299
511;151
263;62
172;178
291;301
518;178
267;47
181;96
222;243
222;243
456;229
456;229
531;112
255;76
137;216
311;279
476;162
295;74
192;161
299;308
533;198
281;69
156;191
293;310
508;204
535;83
298;67
171;179
249;285
386;290
516;141
304;61
159;203
253;327
417;309
547;165
309;42
151;169
313;347
476;311
537;142
225;77
142;162
311;259
528;90
286;56
205;138
271;228
483;179
273;38
130;204
329;243
495;145
287;72
188;167
262;263
450;261
539;69
287;61
177;175
255;256
444;258
290;38
205;117
277;265
554;188
259;48
220;121
313;264
400;18
279;158
306;60
188;177
320;266
509;186
549;79
296;41
213;174
316;283
412;193
418;26
344;140
275;33
190;136
233;313
344;314
470;34
345;168
280;50
202;123
239;234
371;255
492;129
257;35
135;185
277;281
450;202
284;72
175;169
399;289
531;97
256;80
117;233
323;283
458;200
259;66
173;210
314;281
487;158
245;45
180;163
319;281
383;46
308;140
296;41
253;93
305;187
478;148
529;81
298;30
172;161
285;254
467;133
322;73
246;157
333;251
556;138
318;55
225;184
337;258
540;179
291;69
202;186
321;268
524;193
257;44
162;152
265;249
450;162
171;173
300;258
540;146
280;49
194;168
267;246
365;248
465;128
289;62
163;173
359;326
542;142
289;69
211;144
245;274
430;302
541;161
312;47
229;148
305;268
527;193
293;61
197;170
308;261
452;218
257;34
168;159
267;269
481;109
285;20
168;219
384;329
448;14
326;182
272;30
165;167
283;335
430;5
303;166
315;58
211;166
295;235
469;129
289;30
183;159
252;243
475;112
267;33
181;163
302;291
449;26
306;183
326;10
311;37
179;213
324;318
471;7
334;196
305;61
201;162
320;247
524;185
564;46
282;45
147;173
250;313
439;250
516;129
294;38
173;169
292;325
529;303
208;284
278;63
172;197
302;309
452;279
517;119
312;42
173;149
195;266
345;291
529;119
322;40
177;141
204;292
403;317
524;102
371;35
201;163
312;304
560;353
584;110
252;37
181;178
369;289
432;10
309;156
323;8
313;40
177;178
269;297
396;300
462;23
341;178
374;14
259;44
211;183
362;323
431;28
332;138
323;18
330;78
212;217
408;346
503;292
557;145
342;58
195;139
255;32
230;50
230;77
253;96
274;109
273;183
246;194
202;211
431;227
403;198
360;167
340;121
374;99
406;52
330;19
302;66
188;148
248;253
413;262
494;156
369;47
308;49
286;74
285;120
316;132
330;144
330;214
315;232
254;249
253;266
467;266
467;255
392;234
368;212
361;142
366;132
402;119
398;71
350;43
285;134
335;259
455;41
376;131
395;27
371;52
276;57
233;99
239;154
291;174
293;276
192;319
189;335
459;339
455;315
352;272
347;175
408;139
409;78
369;52
196;197
337;261
512;263
564;144
317;57
198;171
364;280
488;231
578;108
